City,2010_ylemman_korkeakoulututkinnon_suorittaneet_ko,2011_ylemman_korkeakoulututkinnon_suorittaneet_ko,2012_ylemman_korkeakoulututkinnon_suorittaneet_ko,2013_ylemman_korkeakoulututkinnon_suorittaneet_ko,2014_ylemman_korkeakoulututkinnon_suorittaneet_ko,2015_ylemman_korkeakoulututkinnon_suorittaneet_ko,2016_ylemman_korkeakoulututkinnon_suorittaneet_ko,2017_ylemman_korkeakoulututkinnon_suorittaneet_ko,2018_ylemman_korkeakoulututkinnon_suorittaneet_ko,2019_ylemman_korkeakoulututkinnon_suorittaneet_ko,2020_ylemman_korkeakoulututkinnon_suorittaneet_ko,2021_ylemman_korkeakoulututkinnon_suorittaneet_ko
Askola,148.0,162.0,167.0,175.0,185.0,196.0,202.0,206.0,203.0,210.0,217.0,221.0
Espoo,40214.0,41422.0,42710.0,44228.0,45465.0,46555.0,47983.0,49968.0,52778.0,54713.0,56539.0,58250.0
Hanko,343.0,349.0,356.0,369.0,380.0,397.0,388.0,395.0,407.0,414.0,432.0,445.0
Helsinki,85145.0,87860.0,91286.0,95675.0,99157.0,102219.0,106038.0,110634.0,116959.0,121271.0,125835.0,128089.0
Hyvinkää,2584.0,2676.0,2776.0,2900.0,2995.0,3075.0,3157.0,3257.0,3389.0,3452.0,3539.0,3654.0
Inkoo,399.0,422.0,423.0,443.0,450.0,444.0,466.0,486.0,494.0,510.0,516.0,538.0
Järvenpää,2805.0,2880.0,3010.0,3152.0,3254.0,3363.0,3520.0,3664.0,3840.0,3989.0,4112.0,4345.0
Karkkila,272.0,270.0,282.0,301.0,304.0,295.0,306.0,306.0,322.0,334.0,341.0,367.0
Kauniainen,2212.0,2281.0,2328.0,2394.0,2473.0,2505.0,2506.0,2603.0,2650.0,2732.0,2885.0,2989.0
Kerava,2418.0,2473.0,2515.0,2625.0,2662.0,2689.0,2765.0,2837.0,2974.0,3020.0,3149.0,3233.0
Kirkkonummi,3994.0,4085.0,4160.0,4285.0,4395.0,4498.0,4614.0,4754.0,4945.0,5035.0,5238.0,5475.0
Lapinjärvi,93.0,101.0,106.0,114.0,108.0,114.0,110.0,113.0,117.0,117.0,119.0,124.0
Lohja,2258.0,2310.0,2376.0,2465.0,2504.0,2552.0,2616.0,2666.0,2726.0,2763.0,2802.0,2907.0
Loviisa,563.0,584.0,612.0,651.0,662.0,661.0,668.0,706.0,738.0,784.0,797.0,841.0
Myrskylä,52.0,52.0,48.0,51.0,52.0,53.0,60.0,64.0,67.0,68.0,71.0,67.0
Mäntsälä,791.0,830.0,896.0,956.0,988.0,976.0,1002.0,1040.0,1061.0,1096.0,1138.0,1204.0
Nurmijärvi,2615.0,2709.0,2807.0,2910.0,2999.0,3028.0,3138.0,3175.0,3254.0,3317.0,3442.0,3546.0
Pornainen,194.0,200.0,214.0,221.0,219.0,232.0,224.0,235.0,242.0,247.0,268.0,281.0
Porvoo,3218.0,3307.0,3427.0,3569.0,3674.0,3746.0,3839.0,3982.0,4164.0,4324.0,4496.0,4734.0
Pukkila,50.0,52.0,55.0,57.0,61.0,61.0,58.0,52.0,54.0,56.0,55.0,62.0
Raasepori,1601.0,1654.0,1673.0,1707.0,1766.0,1775.0,1792.0,1868.0,1908.0,1965.0,2043.0,2153.0
Sipoo,1441.0,1533.0,1600.0,1676.0,1736.0,1792.0,1902.0,2024.0,2082.0,2181.0,2289.0,2382.0
Siuntio,523.0,543.0,554.0,558.0,580.0,583.0,575.0,581.0,610.0,618.0,636.0,667.0
Tuusula,2641.0,2720.0,2777.0,2886.0,2965.0,2997.0,3081.0,3148.0,3257.0,3343.0,3442.0,3614.0
Vantaa,13663.0,14218.0,14748.0,15438.0,15823.0,16278.0,16996.0,17713.0,18882.0,19736.0,20492.0,21016.0
Vihti,1707.0,1781.0,1842.0,1902.0,1969.0,1982.0,2000.0,2051.0,2125.0,2168.0,2230.0,2309.0
Aura,156.0,160.0,162.0,170.0,173.0,172.0,175.0,175.0,179.0,183.0,193.0,188.0
Kaarina,2798.0,2887.0,3028.0,3150.0,3264.0,3363.0,3451.0,3564.0,3721.0,3903.0,4135.0,4362.0
Kemiönsaari,249.0,250.0,259.0,266.0,278.0,291.0,299.0,318.0,336.0,336.0,368.0,387.0
Koski Tl,71.0,76.0,83.0,84.0,84.0,91.0,84.0,90.0,90.0,92.0,97.0,94.0
Kustavi,34.0,38.0,39.0,41.0,46.0,46.0,48.0,48.0,50.0,51.0,64.0,69.0
Laitila,205.0,201.0,219.0,237.0,246.0,243.0,254.0,265.0,283.0,291.0,302.0,307.0
Lieto,1359.0,1428.0,1509.0,1569.0,1629.0,1674.0,1731.0,1799.0,1873.0,1936.0,2019.0,2117.0
Loimaa,523.0,543.0,551.0,578.0,589.0,587.0,596.0,615.0,637.0,654.0,665.0,672.0
Marttila,57.0,55.0,59.0,65.0,72.0,71.0,76.0,78.0,85.0,90.0,96.0,99.0
Masku,533.0,559.0,589.0,626.0,652.0,665.0,674.0,681.0,701.0,741.0,772.0,790.0
Mynämäki,263.0,276.0,292.0,292.0,311.0,322.0,328.0,337.0,349.0,359.0,366.0,372.0
Naantali,1329.0,1358.0,1398.0,1463.0,1504.0,1565.0,1605.0,1664.0,1722.0,1775.0,1864.0,1955.0
Nousiainen,183.0,188.0,193.0,209.0,212.0,221.0,226.0,235.0,234.0,239.0,248.0,256.0
Oripää,33.0,38.0,37.0,36.0,38.0,40.0,37.0,38.0,46.0,44.0,51.0,54.0
Paimio,572.0,597.0,620.0,654.0,678.0,693.0,729.0,760.0,779.0,788.0,820.0,852.0
Parainen,1162.0,1199.0,1240.0,1276.0,1324.0,1334.0,1369.0,1398.0,1427.0,1452.0,1496.0,1516.0
Pyhäranta,45.0,46.0,45.0,47.0,51.0,54.0,58.0,63.0,65.0,68.0,68.0,77.0
Pöytyä,250.0,253.0,260.0,280.0,285.0,289.0,290.0,298.0,321.0,329.0,341.0,345.0
Raisio,1338.0,1387.0,1425.0,1477.0,1486.0,1515.0,1546.0,1599.0,1643.0,1693.0,1788.0,1860.0
Rusko,301.0,325.0,340.0,356.0,373.0,386.0,409.0,445.0,465.0,490.0,501.0,521.0
Salo,2303.0,2336.0,2395.0,2454.0,2507.0,2508.0,2531.0,2573.0,2666.0,2693.0,2745.0,2855.0
Sauvo,160.0,165.0,168.0,171.0,180.0,182.0,184.0,183.0,191.0,194.0,211.0,218.0
Somero,259.0,269.0,280.0,288.0,293.0,303.0,312.0,319.0,332.0,339.0,341.0,350.0
Taivassalo,51.0,53.0,58.0,58.0,56.0,60.0,63.0,69.0,74.0,75.0,79.0,84.0
Turku,17266.0,17769.0,18218.0,18959.0,19567.0,20137.0,20807.0,21566.0,22659.0,23347.0,24196.0,24955.0
Uusikaupunki,467.0,485.0,489.0,511.0,511.0,520.0,518.0,548.0,596.0,612.0,613.0,638.0
Vehmaa,46.0,46.0,42.0,46.0,52.0,50.0,55.0,53.0,70.0,69.0,72.0,73.0
Eura,326.0,336.0,349.0,367.0,372.0,379.0,385.0,390.0,406.0,406.0,419.0,446.0
Eurajoki,341.0,357.0,368.0,381.0,396.0,411.0,440.0,458.0,470.0,500.0,518.0,523.0
Harjavalta,211.0,211.0,222.0,229.0,234.0,239.0,246.0,260.0,255.0,249.0,257.0,258.0
Huittinen,295.0,298.0,312.0,336.0,342.0,357.0,371.0,373.0,401.0,404.0,403.0,410.0
Jämijärvi,29.0,30.0,30.0,36.0,37.0,39.0,42.0,43.0,47.0,47.0,47.0,52.0
Kankaanpää,476.0,487.0,484.0,511.0,527.0,530.0,530.0,533.0,539.0,548.0,544.0,549.0
Karvia,38.0,38.0,40.0,40.0,42.0,42.0,44.0,43.0,52.0,51.0,53.0,58.0
Kokemäki,230.0,237.0,249.0,240.0,251.0,252.0,257.0,259.0,263.0,261.0,277.0,276.0
Merikarvia,79.0,80.0,79.0,83.0,87.0,90.0,88.0,91.0,95.0,97.0,99.0,106.0
Nakkila,181.0,188.0,195.0,198.0,196.0,204.0,204.0,208.0,218.0,216.0,231.0,239.0
Pomarkku,59.0,64.0,64.0,66.0,65.0,66.0,69.0,76.0,74.0,74.0,79.0,78.0
Pori,3815.0,3974.0,4085.0,4237.0,4380.0,4517.0,4591.0,4681.0,4873.0,4969.0,5097.0,5209.0
Rauma,1826.0,1879.0,1970.0,2048.0,2096.0,2110.0,2151.0,2200.0,2367.0,2404.0,2441.0,2522.0
Siikainen,28.0,30.0,29.0,29.0,32.0,36.0,33.0,33.0,34.0,30.0,34.0,36.0
Säkylä,259.0,267.0,260.0,258.0,261.0,257.0,255.0,255.0,259.0,264.0,275.0,277.0
Ulvila,589.0,603.0,620.0,641.0,647.0,661.0,678.0,684.0,697.0,696.0,707.0,728.0
Forssa,550.0,573.0,577.0,610.0,597.0,613.0,617.0,643.0,663.0,659.0,679.0,668.0
Hattula,485.0,484.0,490.0,516.0,523.0,536.0,551.0,573.0,589.0,604.0,620.0,633.0
Hausjärvi,317.0,331.0,343.0,344.0,365.0,369.0,379.0,383.0,391.0,385.0,403.0,410.0
Humppila,53.0,56.0,60.0,67.0,67.0,67.0,67.0,72.0,80.0,82.0,84.0,84.0
Hämeenlinna,4311.0,4448.0,4637.0,4798.0,4922.0,4984.0,5089.0,5186.0,5335.0,5469.0,5639.0,5814.0
Janakkala,625.0,659.0,659.0,680.0,695.0,733.0,734.0,746.0,774.0,798.0,811.0,847.0
Jokioinen,265.0,263.0,269.0,277.0,268.0,271.0,265.0,265.0,268.0,275.0,287.0,297.0
Loppi,253.0,263.0,275.0,284.0,284.0,278.0,290.0,297.0,299.0,315.0,315.0,326.0
Riihimäki,1386.0,1450.0,1487.0,1543.0,1581.0,1615.0,1627.0,1656.0,1692.0,1744.0,1790.0,1810.0
Tammela,213.0,227.0,243.0,250.0,257.0,254.0,254.0,253.0,259.0,266.0,289.0,304.0
Ypäjä,76.0,78.0,74.0,78.0,76.0,77.0,73.0,75.0,77.0,78.0,83.0,88.0
Akaa,772.0,792.0,834.0,868.0,891.0,911.0,928.0,951.0,967.0,996.0,996.0,1049.0
Hämeenkyrö,371.0,375.0,380.0,395.0,421.0,428.0,441.0,445.0,462.0,473.0,484.0,494.0
Ikaalinen,240.0,252.0,259.0,268.0,287.0,291.0,294.0,296.0,303.0,304.0,306.0,299.0
Juupajoki,56.0,60.0,57.0,61.0,59.0,61.0,63.0,63.0,62.0,64.0,69.0,73.0
Kangasala,2257.0,2341.0,2425.0,2531.0,2598.0,2695.0,2812.0,2922.0,3004.0,3094.0,3218.0,3398.0
Kihniö,35.0,38.0,36.0,38.0,40.0,40.0,42.0,49.0,49.0,49.0,51.0,49.0
Kuhmoinen,80.0,78.0,76.0,81.0,83.0,81.0,83.0,83.0,83.0,88.0,95.0,98.0
Lempäälä,1720.0,1805.0,1914.0,2015.0,2154.0,2255.0,2338.0,2386.0,2498.0,2597.0,2747.0,2897.0
Mänttä-Vilppula,274.0,275.0,266.0,269.0,274.0,278.0,289.0,291.0,294.0,301.0,310.0,311.0
Nokia,1661.0,1777.0,1905.0,2001.0,2069.0,2133.0,2184.0,2235.0,2307.0,2427.0,2595.0,2752.0
Orivesi,374.0,388.0,409.0,418.0,430.0,440.0,441.0,455.0,475.0,484.0,499.0,529.0
Parkano,162.0,163.0,166.0,177.0,179.0,175.0,180.0,185.0,180.0,185.0,188.0,200.0
Pirkkala,1884.0,1986.0,2057.0,2129.0,2191.0,2242.0,2340.0,2395.0,2459.0,2519.0,2670.0,2826.0
Punkalaidun,80.0,79.0,85.0,92.0,97.0,90.0,89.0,94.0,100.0,103.0,100.0,102.0
Pälkäne,294.0,308.0,320.0,320.0,330.0,339.0,349.0,362.0,367.0,373.0,384.0,396.0
Ruovesi,145.0,147.0,148.0,145.0,146.0,147.0,151.0,158.0,165.0,160.0,160.0,172.0
Sastamala,844.0,883.0,909.0,939.0,959.0,987.0,1021.0,1033.0,1079.0,1095.0,1139.0,1173.0
Tampere,21862.0,22330.0,23254.0,24534.0,25465.0,26245.0,27033.0,28050.0,29496.0,30521.0,31744.0,33092.0
Urjala,136.0,143.0,145.0,141.0,142.0,138.0,144.0,139.0,151.0,154.0,158.0,162.0
Valkeakoski,875.0,907.0,933.0,960.0,985.0,1014.0,1041.0,1047.0,1081.0,1096.0,1104.0,1155.0
Vesilahti,269.0,287.0,303.0,327.0,346.0,359.0,368.0,379.0,378.0,396.0,406.0,436.0
Virrat,215.0,223.0,226.0,229.0,233.0,226.0,237.0,246.0,240.0,244.0,247.0,251.0
Ylöjärvi,1770.0,1826.0,1927.0,1993.0,2084.0,2208.0,2273.0,2355.0,2414.0,2504.0,2633.0,2771.0
Asikkala,343.0,361.0,365.0,373.0,386.0,394.0,411.0,423.0,438.0,446.0,452.0,474.0
Hartola,76.0,74.0,73.0,77.0,81.0,80.0,82.0,88.0,88.0,89.0,90.0,92.0
Heinola,704.0,723.0,729.0,746.0,757.0,769.0,773.0,789.0,812.0,818.0,838.0,839.0
Hollola,1089.0,1132.0,1155.0,1188.0,1217.0,1242.0,1280.0,1325.0,1358.0,1382.0,1408.0,1458.0
Iitti,238.0,253.0,256.0,268.0,270.0,277.0,284.0,301.0,302.0,314.0,323.0,322.0
Kärkölä,118.0,115.0,116.0,130.0,134.0,131.0,138.0,137.0,136.0,139.0,142.0,142.0
Lahti,5763.0,6046.0,6320.0,6605.0,6848.0,7081.0,7284.0,7474.0,7829.0,8082.0,8386.0,8763.0
Orimattila,463.0,468.0,489.0,512.0,516.0,526.0,540.0,561.0,576.0,595.0,602.0,621.0
Padasjoki,79.0,76.0,81.0,80.0,79.0,81.0,77.0,79.0,82.0,84.0,86.0,92.0
Sysmä,120.0,120.0,113.0,118.0,122.0,126.0,130.0,126.0,139.0,133.0,138.0,139.0
Hamina,773.0,802.0,814.0,841.0,863.0,870.0,880.0,895.0,914.0,931.0,939.0,971.0
Kotka,2224.0,2307.0,2381.0,2459.0,2518.0,2555.0,2624.0,2655.0,2806.0,2840.0,2888.0,2946.0
Kouvola,3570.0,3625.0,3674.0,3808.0,3902.0,3965.0,4075.0,4136.0,4283.0,4340.0,4399.0,4506.0
Miehikkälä,46.0,42.0,40.0,41.0,43.0,43.0,45.0,47.0,50.0,50.0,54.0,57.0
Pyhtää,192.0,202.0,208.0,221.0,228.0,234.0,249.0,264.0,266.0,271.0,280.0,300.0
Virolahti,85.0,89.0,87.0,90.0,93.0,90.0,96.0,93.0,103.0,108.0,110.0,115.0
Imatra,1012.0,1042.0,1075.0,1116.0,1158.0,1182.0,1190.0,1228.0,1289.0,1290.0,1288.0,1303.0
Lappeenranta,4391.0,4523.0,4683.0,4895.0,5066.0,5180.0,5344.0,5465.0,5717.0,5875.0,6090.0,6231.0
Lemi,132.0,125.0,133.0,140.0,148.0,151.0,152.0,155.0,159.0,170.0,175.0,177.0
Luumäki,172.0,173.0,184.0,190.0,200.0,196.0,198.0,192.0,209.0,204.0,220.0,217.0
Parikkala,154.0,155.0,156.0,155.0,163.0,158.0,165.0,163.0,162.0,164.0,167.0,170.0
Rautjärvi,75.0,76.0,83.0,74.0,75.0,79.0,85.0,89.0,87.0,75.0,71.0,75.0
Ruokolahti,179.0,184.0,196.0,201.0,192.0,185.0,189.0,191.0,212.0,220.0,226.0,235.0
Savitaipale,127.0,131.0,135.0,139.0,136.0,137.0,138.0,140.0,142.0,145.0,146.0,152.0
Taipalsaari,278.0,284.0,295.0,306.0,322.0,327.0,334.0,354.0,377.0,384.0,391.0,413.0
Enonkoski,45.0,40.0,35.0,37.0,39.0,41.0,47.0,46.0,45.0,45.0,47.0,49.0
Hirvensalmi,57.0,60.0,66.0,67.0,68.0,72.0,71.0,70.0,76.0,82.0,87.0,91.0
Juva,208.0,203.0,204.0,212.0,212.0,227.0,236.0,241.0,252.0,258.0,256.0,269.0
Kangasniemi,155.0,163.0,174.0,187.0,184.0,185.0,194.0,209.0,221.0,225.0,233.0,242.0
Mikkeli,2787.0,2907.0,3009.0,3144.0,3284.0,3373.0,3422.0,3550.0,3613.0,3645.0,3710.0,3795.0
Mäntyharju,189.0,188.0,204.0,209.0,209.0,216.0,220.0,232.0,240.0,244.0,252.0,262.0
Pertunmaa,34.0,34.0,30.0,27.0,30.0,33.0,38.0,37.0,38.0,42.0,40.0,40.0
Pieksämäki,577.0,592.0,595.0,613.0,642.0,623.0,637.0,638.0,646.0,661.0,662.0,675.0
Puumala,65.0,67.0,72.0,76.0,78.0,85.0,90.0,101.0,115.0,116.0,127.0,129.0
Rantasalmi,118.0,127.0,126.0,130.0,132.0,138.0,142.0,140.0,152.0,153.0,151.0,152.0
Savonlinna,1655.0,1692.0,1738.0,1759.0,1806.0,1786.0,1831.0,1864.0,1879.0,1890.0,1926.0,2000.0
Sulkava,72.0,70.0,69.0,72.0,72.0,77.0,80.0,81.0,80.0,82.0,87.0,97.0
Iisalmi,805.0,841.0,857.0,877.0,905.0,898.0,920.0,952.0,980.0,1016.0,1037.0,1053.0
Joroinen,175.0,169.0,173.0,174.0,179.0,181.0,184.0,184.0,186.0,192.0,200.0,198.0
Kaavi,60.0,55.0,56.0,57.0,59.0,61.0,60.0,64.0,61.0,64.0,60.0,59.0
Keitele,52.0,56.0,55.0,52.0,56.0,58.0,54.0,60.0,68.0,60.0,65.0,67.0
Kiuruvesi,200.0,208.0,216.0,219.0,226.0,226.0,225.0,228.0,228.0,242.0,250.0,255.0
Kuopio,8036.0,8349.0,8632.0,9029.0,9351.0,9628.0,9957.0,10307.0,10790.0,11175.0,11602.0,12117.0
Lapinlahti,305.0,320.0,321.0,327.0,340.0,339.0,340.0,340.0,349.0,358.0,357.0,363.0
Leppävirta,375.0,382.0,388.0,389.0,394.0,403.0,417.0,431.0,443.0,434.0,447.0,470.0
Pielavesi,123.0,120.0,117.0,117.0,123.0,124.0,127.0,129.0,121.0,121.0,123.0,132.0
Rautalampi,99.0,97.0,102.0,113.0,113.0,118.0,119.0,121.0,128.0,125.0,130.0,138.0
Rautavaara,23.0,27.0,28.0,31.0,36.0,28.0,29.0,25.0,30.0,32.0,36.0,39.0
Siilinjärvi,1136.0,1185.0,1252.0,1304.0,1339.0,1353.0,1399.0,1431.0,1466.0,1481.0,1514.0,1572.0
Sonkajärvi,78.0,81.0,89.0,92.0,93.0,93.0,91.0,90.0,88.0,87.0,93.0,104.0
Suonenjoki,236.0,242.0,243.0,252.0,258.0,265.0,271.0,272.0,277.0,289.0,293.0,303.0
Tervo,39.0,40.0,45.0,50.0,49.0,53.0,53.0,52.0,56.0,58.0,58.0,56.0
Tuusniemi,73.0,73.0,71.0,75.0,75.0,78.0,77.0,77.0,78.0,80.0,74.0,77.0
Varkaus,800.0,796.0,810.0,832.0,840.0,837.0,845.0,854.0,870.0,874.0,885.0,887.0
Vesanto,67.0,66.0,62.0,61.0,61.0,64.0,63.0,67.0,70.0,73.0,77.0,82.0
Vieremä,103.0,100.0,104.0,109.0,110.0,116.0,124.0,131.0,129.0,128.0,130.0,140.0
Heinävesi,99.0,96.0,93.0,98.0,106.0,105.0,105.0,110.0,111.0,115.0,122.0,117.0
Ilomantsi,136.0,138.0,135.0,138.0,136.0,137.0,136.0,140.0,138.0,142.0,143.0,146.0
Joensuu,5148.0,5311.0,5554.0,5772.0,5967.0,6139.0,6320.0,6443.0,6745.0,6949.0,7165.0,7350.0
Juuka,112.0,114.0,114.0,112.0,117.0,120.0,120.0,133.0,135.0,141.0,138.0,147.0
Kitee,316.0,323.0,339.0,351.0,363.0,367.0,376.0,380.0,391.0,394.0,393.0,419.0
Kontiolahti,765.0,802.0,839.0,877.0,920.0,970.0,987.0,1014.0,1049.0,1100.0,1138.0,1207.0
Lieksa,306.0,308.0,302.0,315.0,328.0,310.0,317.0,314.0,340.0,346.0,354.0,373.0
Liperi,484.0,500.0,536.0,563.0,585.0,600.0,614.0,632.0,664.0,677.0,695.0,741.0
Nurmes,231.0,237.0,244.0,262.0,259.0,260.0,268.0,279.0,287.0,286.0,300.0,312.0
Outokumpu,182.0,184.0,188.0,194.0,195.0,197.0,208.0,219.0,215.0,218.0,221.0,227.0
Polvijärvi,102.0,101.0,109.0,123.0,127.0,126.0,125.0,127.0,130.0,135.0,141.0,142.0
Rääkkylä,60.0,63.0,63.0,64.0,71.0,72.0,71.0,60.0,69.0,68.0,73.0,73.0
Tohmajärvi,115.0,126.0,135.0,137.0,141.0,139.0,148.0,148.0,151.0,147.0,153.0,162.0
Hankasalmi,156.0,156.0,163.0,165.0,166.0,168.0,176.0,173.0,183.0,188.0,189.0,201.0
Joutsa,133.0,131.0,136.0,136.0,138.0,140.0,145.0,143.0,136.0,141.0,146.0,162.0
Jyväskylä,12032.0,12435.0,12881.0,13341.0,13744.0,14125.0,14492.0,14941.0,15537.0,16003.0,16610.0,17094.0
Jämsä,716.0,731.0,742.0,775.0,793.0,807.0,810.0,823.0,838.0,843.0,848.0,881.0
Kannonkoski,27.0,28.0,28.0,27.0,28.0,31.0,38.0,39.0,33.0,38.0,41.0,41.0
Karstula,99.0,98.0,106.0,113.0,111.0,112.0,115.0,119.0,116.0,113.0,121.0,126.0
Keuruu,365.0,374.0,381.0,385.0,380.0,380.0,386.0,400.0,407.0,408.0,403.0,415.0
Kinnula,42.0,45.0,47.0,48.0,51.0,55.0,56.0,54.0,51.0,57.0,56.0,55.0
Kivijärvi,21.0,18.0,19.0,16.0,15.0,17.0,19.0,16.0,20.0,20.0,21.0,20.0
Konnevesi,70.0,75.0,74.0,74.0,77.0,75.0,83.0,82.0,85.0,87.0,89.0,95.0
Kyyjärvi,16.0,23.0,23.0,26.0,26.0,28.0,29.0,31.0,31.0,27.0,29.0,31.0
Laukaa,786.0,838.0,874.0,913.0,953.0,1000.0,1034.0,1052.0,1085.0,1121.0,1173.0,1208.0
Luhanka,19.0,20.0,22.0,24.0,26.0,28.0,30.0,34.0,37.0,40.0,45.0,46.0
Multia,38.0,37.0,37.0,40.0,45.0,46.0,44.0,46.0,45.0,49.0,52.0,51.0
Muurame,762.0,823.0,849.0,871.0,898.0,924.0,980.0,1015.0,1053.0,1071.0,1117.0,1179.0
Petäjävesi,169.0,174.0,183.0,193.0,201.0,205.0,213.0,220.0,228.0,229.0,232.0,246.0
Pihtipudas,81.0,81.0,87.0,84.0,81.0,87.0,90.0,94.0,105.0,105.0,107.0,114.0
Saarijärvi,318.0,330.0,329.0,347.0,359.0,358.0,351.0,363.0,362.0,373.0,377.0,383.0
Toivakka,78.0,86.0,91.0,96.0,102.0,104.0,103.0,110.0,121.0,126.0,129.0,129.0
Uurainen,100.0,110.0,116.0,120.0,122.0,137.0,149.0,158.0,157.0,156.0,167.0,173.0
Viitasaari,185.0,190.0,193.0,207.0,206.0,206.0,210.0,217.0,219.0,222.0,229.0,243.0
Äänekoski,595.0,614.0,630.0,647.0,660.0,652.0,666.0,690.0,700.0,701.0,728.0,740.0
Alajärvi,274.0,287.0,291.0,299.0,319.0,321.0,331.0,329.0,340.0,346.0,355.0,353.0
Alavus,274.0,290.0,299.0,304.0,322.0,323.0,328.0,340.0,351.0,362.0,366.0,373.0
Evijärvi,55.0,57.0,56.0,59.0,64.0,63.0,63.0,65.0,65.0,65.0,64.0,69.0
Ilmajoki,357.0,377.0,400.0,423.0,442.0,460.0,478.0,494.0,516.0,520.0,538.0,563.0
Isojoki,34.0,38.0,42.0,46.0,46.0,42.0,41.0,41.0,43.0,45.0,47.0,48.0
Isokyrö,150.0,160.0,166.0,166.0,179.0,183.0,187.0,191.0,198.0,201.0,199.0,199.0
Karijoki,18.0,19.0,19.0,19.0,20.0,18.0,18.0,18.0,17.0,20.0,20.0,22.0
Kauhajoki,336.0,344.0,345.0,353.0,361.0,364.0,376.0,390.0,411.0,415.0,425.0,418.0
Kauhava,462.0,477.0,498.0,516.0,532.0,531.0,531.0,545.0,544.0,562.0,579.0,591.0
Kuortane,116.0,115.0,117.0,126.0,122.0,132.0,136.0,140.0,155.0,156.0,160.0,170.0
Kurikka,528.0,548.0,557.0,575.0,588.0,599.0,605.0,627.0,652.0,669.0,680.0,692.0
Lappajärvi,102.0,105.0,105.0,114.0,120.0,119.0,117.0,116.0,127.0,130.0,124.0,131.0
Lapua,554.0,587.0,606.0,642.0,667.0,677.0,706.0,719.0,740.0,755.0,786.0,806.0
Seinäjoki,2986.0,3146.0,3341.0,3462.0,3550.0,3670.0,3792.0,3979.0,4078.0,4223.0,4402.0,4556.0
Soini,43.0,45.0,47.0,46.0,47.0,49.0,49.0,50.0,52.0,49.0,52.0,57.0
Teuva,115.0,116.0,113.0,111.0,108.0,110.0,111.0,111.0,117.0,113.0,115.0,112.0
Vimpeli,97.0,100.0,96.0,102.0,101.0,107.0,113.0,116.0,119.0,119.0,127.0,130.0
Ähtäri,183.0,189.0,194.0,185.0,195.0,203.0,205.0,212.0,221.0,220.0,218.0,222.0
Kaskinen,43.0,42.0,44.0,52.0,56.0,53.0,59.0,57.0,63.0,62.0,63.0,68.0
Korsnäs,67.0,67.0,71.0,74.0,78.0,74.0,78.0,88.0,87.0,86.0,91.0,92.0
Kristiinankaupunki,266.0,268.0,271.0,283.0,285.0,290.0,294.0,302.0,309.0,311.0,316.0,324.0
Kruunupyy,247.0,252.0,257.0,269.0,274.0,281.0,282.0,292.0,302.0,306.0,320.0,330.0
Laihia,358.0,382.0,399.0,414.0,433.0,455.0,483.0,490.0,516.0,524.0,543.0,553.0
Luoto,117.0,116.0,126.0,145.0,152.0,155.0,163.0,183.0,198.0,208.0,224.0,235.0
Maalahti,203.0,214.0,226.0,233.0,250.0,257.0,275.0,303.0,313.0,328.0,340.0,348.0
Mustasaari,1223.0,1318.0,1376.0,1451.0,1494.0,1537.0,1584.0,1694.0,1754.0,1795.0,1833.0,1915.0
Närpiö,314.0,317.0,336.0,350.0,354.0,353.0,355.0,371.0,399.0,412.0,422.0,449.0
Pedersören kunta,334.0,349.0,357.0,384.0,403.0,409.0,404.0,437.0,447.0,469.0,487.0,503.0
Pietarsaari,993.0,1023.0,1052.0,1078.0,1103.0,1106.0,1132.0,1227.0,1261.0,1274.0,1310.0,1358.0
Uusikaarlepyy,291.0,300.0,303.0,312.0,327.0,333.0,345.0,364.0,388.0,400.0,402.0,427.0
Vaasa,5177.0,5392.0,5597.0,5897.0,6072.0,6236.0,6381.0,6590.0,6951.0,7128.0,7308.0,7436.0
Vöyri,269.0,288.0,294.0,310.0,312.0,315.0,326.0,341.0,352.0,363.0,375.0,377.0
Halsua,23.0,24.0,29.0,28.0,30.0,32.0,32.0,30.0,35.0,32.0,33.0,33.0
Kannus,149.0,154.0,159.0,159.0,160.0,158.0,166.0,177.0,183.0,189.0,195.0,199.0
Kaustinen,112.0,112.0,122.0,132.0,146.0,145.0,155.0,161.0,159.0,166.0,166.0,174.0
Kokkola,2023.0,2111.0,2217.0,2296.0,2396.0,2462.0,2535.0,2632.0,2710.0,2803.0,2896.0,3017.0
Lestijärvi,29.0,26.0,27.0,28.0,29.0,25.0,25.0,27.0,27.0,30.0,32.0,28.0
Perho,51.0,50.0,50.0,53.0,55.0,58.0,59.0,62.0,63.0,65.0,65.0,66.0
Toholampi,75.0,79.0,83.0,83.0,84.0,89.0,89.0,96.0,93.0,99.0,101.0,104.0
Veteli,100.0,99.0,102.0,109.0,108.0,113.0,116.0,114.0,118.0,120.0,125.0,117.0
Alavieska,62.0,67.0,65.0,68.0,73.0,69.0,70.0,72.0,65.0,70.0,76.0,71.0
Haapajärvi,195.0,208.0,209.0,218.0,217.0,217.0,218.0,224.0,238.0,235.0,238.0,250.0
Haapavesi,198.0,192.0,197.0,200.0,190.0,188.0,184.0,186.0,189.0,192.0,196.0,197.0
Hailuoto,37.0,47.0,42.0,44.0,47.0,46.0,47.0,49.0,56.0,57.0,63.0,67.0
Ii,259.0,274.0,294.0,309.0,319.0,337.0,358.0,378.0,389.0,394.0,402.0,420.0
Kalajoki,303.0,321.0,333.0,349.0,363.0,375.0,386.0,395.0,408.0,429.0,445.0,466.0
Kempele,1095.0,1153.0,1207.0,1241.0,1310.0,1340.0,1404.0,1478.0,1545.0,1612.0,1704.0,1793.0
Kuusamo,458.0,467.0,472.0,488.0,503.0,530.0,532.0,546.0,570.0,582.0,626.0,675.0
Kärsämäki,50.0,53.0,56.0,53.0,62.0,59.0,61.0,60.0,64.0,64.0,60.0,60.0
Liminka,522.0,542.0,590.0,627.0,639.0,664.0,678.0,705.0,728.0,726.0,738.0,761.0
Lumijoki,58.0,59.0,62.0,59.0,56.0,60.0,66.0,66.0,72.0,69.0,70.0,75.0
Merijärvi,14.0,16.0,17.0,14.0,14.0,11.0,13.0,13.0,10.0,12.0,11.0,12.0
Muhos,336.0,354.0,363.0,377.0,379.0,394.0,408.0,429.0,437.0,434.0,454.0,450.0
Nivala,253.0,265.0,260.0,282.0,294.0,290.0,299.0,294.0,311.0,313.0,316.0,329.0
Oulainen,214.0,213.0,228.0,232.0,243.0,247.0,242.0,247.0,257.0,257.0,255.0,268.0
Oulu,17681.0,18234.0,18836.0,19688.0,20415.0,20930.0,21547.0,22312.0,23187.0,24047.0,24922.0,25762.0
Pudasjärvi,144.0,146.0,158.0,171.0,184.0,177.0,181.0,188.0,197.0,196.0,211.0,228.0
Pyhäjoki,72.0,77.0,74.0,85.0,80.0,77.0,76.0,87.0,89.0,90.0,89.0,93.0
Pyhäjärvi,138.0,139.0,144.0,152.0,148.0,157.0,157.0,153.0,162.0,165.0,176.0,183.0
Pyhäntä,28.0,30.0,31.0,33.0,35.0,42.0,44.0,41.0,42.0,42.0,43.0,43.0
Raahe,765.0,772.0,775.0,802.0,817.0,803.0,814.0,823.0,892.0,901.0,923.0,954.0
Reisjärvi,71.0,77.0,76.0,84.0,80.0,88.0,93.0,95.0,94.0,95.0,96.0,100.0
Sievi,107.0,108.0,115.0,118.0,120.0,127.0,128.0,131.0,142.0,137.0,142.0,145.0
Siikajoki,130.0,135.0,134.0,139.0,135.0,145.0,142.0,144.0,149.0,152.0,152.0,152.0
Siikalatva,100.0,97.0,97.0,94.0,98.0,101.0,107.0,101.0,108.0,109.0,116.0,115.0
Taivalkoski,91.0,93.0,90.0,95.0,97.0,91.0,98.0,98.0,105.0,106.0,114.0,121.0
Tyrnävä,205.0,212.0,228.0,237.0,246.0,267.0,260.0,259.0,262.0,267.0,270.0,279.0
Utajärvi,57.0,61.0,65.0,70.0,75.0,77.0,75.0,75.0,65.0,72.0,79.0,80.0
Vaala,80.0,79.0,82.0,84.0,83.0,83.0,87.0,86.0,92.0,90.0,90.0,99.0
Ylivieska,478.0,505.0,533.0,571.0,594.0,614.0,644.0,661.0,674.0,676.0,703.0,738.0
Hyrynsalmi,41.0,46.0,47.0,51.0,48.0,53.0,55.0,55.0,55.0,58.0,57.0,63.0
Kajaani,1900.0,1952.0,2000.0,2033.0,2090.0,2097.0,2154.0,2189.0,2248.0,2295.0,2338.0,2361.0
Kuhmo,235.0,234.0,250.0,258.0,266.0,273.0,276.0,280.0,288.0,286.0,288.0,297.0
Paltamo,87.0,89.0,92.0,91.0,93.0,97.0,96.0,99.0,108.0,114.0,121.0,127.0
Puolanka,61.0,64.0,64.0,69.0,70.0,78.0,81.0,83.0,82.0,82.0,78.0,80.0
Ristijärvi,28.0,28.0,32.0,35.0,35.0,35.0,37.0,40.0,40.0,40.0,41.0,47.0
Sotkamo,454.0,475.0,495.0,524.0,535.0,538.0,552.0,553.0,578.0,595.0,630.0,658.0
Suomussalmi,183.0,184.0,190.0,194.0,196.0,196.0,210.0,213.0,216.0,223.0,218.0,231.0
Enontekiö,67.0,72.0,72.0,79.0,78.0,80.0,86.0,95.0,97.0,103.0,102.0,101.0
Inari,253.0,273.0,282.0,310.0,318.0,326.0,340.0,357.0,387.0,401.0,416.0,452.0
Kemi,713.0,729.0,738.0,762.0,774.0,788.0,793.0,838.0,856.0,860.0,871.0,874.0
Kemijärvi,236.0,237.0,235.0,240.0,240.0,244.0,240.0,247.0,254.0,256.0,258.0,271.0
Keminmaa,335.0,336.0,351.0,351.0,352.0,367.0,374.0,389.0,384.0,387.0,389.0,411.0
Kittilä,177.0,197.0,212.0,214.0,235.0,246.0,260.0,280.0,299.0,289.0,308.0,336.0
Kolari,91.0,110.0,124.0,135.0,129.0,130.0,144.0,146.0,146.0,167.0,195.0,207.0
Muonio,69.0,74.0,73.0,81.0,81.0,88.0,90.0,98.0,96.0,100.0,114.0,120.0
Pelkosenniemi,29.0,29.0,31.0,35.0,34.0,34.0,37.0,42.0,46.0,42.0,46.0,50.0
Pello,80.0,83.0,89.0,96.0,105.0,104.0,109.0,111.0,111.0,113.0,121.0,128.0
Posio,73.0,74.0,76.0,83.0,80.0,80.0,87.0,87.0,89.0,92.0,90.0,102.0
Ranua,88.0,97.0,107.0,111.0,112.0,117.0,120.0,131.0,130.0,133.0,139.0,135.0
Rovaniemi,3838.0,4012.0,4175.0,4365.0,4574.0,4660.0,4801.0,4985.0,5267.0,5405.0,5633.0,5849.0
Salla,71.0,75.0,78.0,87.0,86.0,88.0,86.0,84.0,94.0,99.0,113.0,124.0
Savukoski,39.0,38.0,37.0,38.0,42.0,40.0,42.0,41.0,45.0,47.0,50.0,45.0
Simo,80.0,86.0,90.0,96.0,101.0,100.0,102.0,106.0,112.0,116.0,119.0,126.0
Sodankylä,277.0,292.0,326.0,354.0,376.0,384.0,393.0,407.0,428.0,430.0,449.0,465.0
Tervola,75.0,82.0,85.0,83.0,88.0,88.0,92.0,94.0,91.0,98.0,98.0,106.0
Tornio,833.0,865.0,894.0,902.0,922.0,953.0,969.0,1022.0,1054.0,1099.0,1110.0,1135.0
Utsjoki,64.0,68.0,68.0,75.0,78.0,85.0,98.0,101.0,110.0,103.0,103.0,98.0
Ylitornio,109.0,113.0,112.0,114.0,112.0,124.0,129.0,119.0,130.0,130.0,144.0,148.0
Brändö,25.0,25.0,25.0,29.0,33.0,30.0,33.0,35.0,37.0,40.0,43.0,43.0
Eckerö,20.0,24.0,24.0,25.0,20.0,21.0,19.0,33.0,34.0,34.0,36.0,38.0
Finström,52.0,49.0,48.0,48.0,50.0,52.0,56.0,83.0,94.0,94.0,97.0,101.0
Föglö,19.0,17.0,18.0,18.0,18.0,18.0,19.0,22.0,22.0,25.0,25.0,25.0
Geta,6.0,7.0,6.0,8.0,11.0,10.0,9.0,18.0,17.0,14.0,15.0,14.0
Hammarland,21.0,22.0,22.0,27.0,24.0,22.0,21.0,38.0,46.0,53.0,57.0,59.0
Jomala,112.0,125.0,135.0,145.0,154.0,160.0,164.0,278.0,291.0,317.0,333.0,365.0
Kumlinge,9.0,9.0,9.0,10.0,10.0,9.0,10.0,13.0,16.0,18.0,18.0,17.0
Kökar,9.0,9.0,8.0,10.0,8.0,9.0,11.0,12.0,9.0,9.0,9.0,8.0
Lemland,47.0,51.0,50.0,55.0,56.0,60.0,69.0,101.0,106.0,111.0,113.0,122.0
Lumparland,11.0,10.0,13.0,14.0,14.0,13.0,14.0,22.0,20.0,20.0,22.0,24.0
Maarianhamina,693.0,695.0,702.0,724.0,756.0,732.0,747.0,1018.0,1057.0,1090.0,1086.0,1106.0
Saltvik,36.0,37.0,38.0,42.0,40.0,41.0,37.0,56.0,54.0,55.0,58.0,61.0
Sottunga,4.0,4.0,4.0,4.0,5.0,5.0,5.0,5.0,4.0,5.0,5.0,4.0
Sund,22.0,22.0,25.0,27.0,28.0,28.0,27.0,42.0,44.0,44.0,44.0,46.0
Vårdö,18.0,19.0,17.0,15.0,14.0,14.0,16.0,19.0,21.0,23.0,21.0,22.0
